start_utc=2026-09-30T16:07:22.419668+00:00
end_utc=2026-09-30T16:08:10.729428+00:00
launcher_pid=1649641
captured_descendant_pids=1649641,1649642,1649643,1649648,1649679,1650392,1650413,1650414,1650486,1650499,1650510,1650585,1650587,1650626,1650677,1650685,1650698,1650757,1650819,1650835,1650843,1650898,1650970,1650978,1651727,1651754,1651762,1651778,1651798,1651853,1651875,1651882,1651899,1651923,1651934,1651958,1651966,1652762,1652763,1652820,1652832,1652860,1652868,1652880,1652890,1652891,1652892,1652909,1652925,1652937,1652971,1653554,1653579,1653607,1653675,1653684,1653692,1653708,1653736,1653877,1653934,1653946,1653957,1653958,1653959,1654277,1654466,1654478,1654507,1654524,1654536,1654570,1654588,1654629,1655349,1655350,1655406,1655418,1655445,1655453,1655465,1655475,1655476,1655477,1655494,1655511,1655523,1655553,1655569,1655586,1655648,1656377,1656378,1656435,1656447,1656461,1656462,1656463,1656480,1656493,1656798,1657028,1657047,1657059,1657093,1657111,1657152,1657896,1657897,1657954,1657966,1657993,1658002,1658014,1658024,1658025,1658026,1658043,1658063,1658075,1658109,1658127,1658169,1658887,1658888,1658947,1658959,1658988,1659632,1659633,1660170,1660250,1660938,1660939,1661002
absent_pids_after_completion=1649641,1649642,1649643,1649648,1649679,1650392,1650413,1650414,1650486,1650499,1650510,1650585,1650587,1650626,1650677,1650685,1650698,1650757,1650819,1650835,1650843,1650898,1650970,1650978,1651727,1651754,1651762,1651778,1651798,1651853,1651875,1651882,1651899,1651923,1651934,1651958,1651966,1652762,1652763,1652820,1652832,1652860,1652868,1652880,1652890,1652891,1652892,1652909,1652925,1652937,1652971,1653554,1653579,1653607,1653675,1653684,1653692,1653708,1653736,1653877,1653934,1653946,1653957,1653958,1653959,1654277,1654466,1654478,1654507,1654524,1654536,1654570,1654588,1654629,1655349,1655350,1655406,1655418,1655445,1655453,1655465,1655475,1655476,1655477,1655494,1655511,1655523,1655553,1655569,1655586,1655648,1656377,1656378,1656435,1656447,1656461,1656462,1656463,1656480,1656493,1656798,1657028,1657047,1657059,1657093,1657111,1657152,1657896,1657897,1657954,1657966,1657993,1658002,1658014,1658024,1658025,1658026,1658043,1658063,1658075,1658109,1658127,1658169,1658887,1658888,1658947,1658959,1658988,1659632,1659633,1660170,1660250,1660938,1660939,1661002
still_present_pids_after_completion=
runtime_directory=/tmp/agent-build-ecwjw3ay
runtime_absent_after_completion=True
stage_directory=/root/rhai-net-release-features/243404c9
runner_status=0
